107
-145
129
148
-116
-120
-200
-178
-118
113
141
-175
-150
178
-105
110
134
-128
-154
136
104
-138
-181
-160
188
-124
-163
-101
143
-172
165
-156
143
-140
192
148
-100
125
-179
126
200
-118
142
133
188
-111
-142
-122
147
-153
158
-131
123
-111
106
117
137
142
-111
125
-119
112
-197
193
100
120
153
106
150
-197
144
121
-122
146
199
110
-130
132
-172
-121
113
-197
-172
-108
-134
118
-132
120
-172
146
150
162
156
-133
119
130
-136
110
117
-110
124
-150
-135
167
197
150
-149
-165
134
-110
138
119
-185
-105
149
193
120
-111
-167
164
125
-171
183
167
-150
105
153
145
-160
132
-120
-140
139
115
-180
-129
122
127
-143
-115
-187
-108
-162
110
113
181
107
125
-122
-130
-150
106
144
137
148
179
147
107
-116
142
-135
194
-147
129
-149
136
116
128
-114
121
-123
-108
-164
-165
132
-144
-102
-100
110
-126
-106
-164
107
122
-135
133
167
-101
126
-194
144
115
-124
-129
101
171
-137
-130
-126
-110
-147
174
149
119
-147
162
-148
150
108
111
113
-104
132
126
-103
122
148
110
-117
111
138
-114
-187
136
-148
-171
-138
128
125
-144
-151
164
109
-126
-110
142
147
143
134
104
-146
151
-125
102
127
146
-108
156
132
-110
-100
-173
-196
-126
178
109
-140
-193
104
113
-135
144
117
-197
-134
-147
187
-116
-169
-103
121
-135
117
-199
-174
162
-155
101
145
-139
119
-138
-153
120
-134
-126
109
-168
130
-111
110
119
122
177
141
113
109
-148
181
-182
132
-199
-136
-181
-140
174
149
-164
-142
102
124
-138
116
131
-105
-109
-105
112
-142
-195
102
186
122
127
125
127
-114
-177
-144
-113
-175
152
-116
-102
-133
114
-114
168
-116
111
112
-122
-135
-182
-192
-123
108
125
-187
115
145
106
-131
-132
126
170
112
-132
-150
145
-162
150
107
143
133
123
-149
-149
-143
154
-189
148
152
-140
-177
-107
-150
102
-143
141
-150
137
199
154
-110
117
-128
124
-170
172
-159
-162
106
-126
103
113
-139
-120
143
124
-188
-110
-175
-176
146
116
127
172
-138
-116
-114
129
106
-107
-118
167
141
-162
-114
-121
-102
134
135
-146
142
121
115
-141
147
-171
-127
-101
110
-121
190
-113
-188
137
172
185
134
-113
-106
129
-117
-116
170
149
123
135
150
101
-191
-121
-128
104
-126
-140
133
-146
114
158
119
147
-107
-140
111
-193
139
148
-132
127
178
124
-142
-122
123
125
106
-110
109
108
124
-131
-181
122
-123
-133
102
-137
193
106
-158
-133
-115
-120
-188
151
149
172
